#b l mag_J_2MASS mag_H_2MASS mag_K_2MASS mag_IRAC1 mag_IRAC2 mag_IRAC3 mag_IRAC4
-2.017195 335.001711 13.783 12.484 11.971 11.708 11.797 11.536 11.774
-2.010586 335.04887 13.03 12.601 12.443 12.361 12.264 12.183 12.131
-1.97337 334.951023 13.475 12.452 12.169 11.867 11.882 11.629 11.786
-2.011964 334.953134 10.532 9.619 9.298 9.144 9.245 9.077 9.089
-1.945236 335.013217 13.774 13.129 12.799 12.619 12.546 12.507 12.516
-1.979183 334.955144 12.592 11.224 10.708 10.401 10.594 10.313 10.344
-2.023328 334.967242 12.704 11.775 11.366 11.302 11.4 11.192 11.270001
-1.970597 335.011633 13.308 12.3 11.922 11.665 11.606 11.528 11.428
-2.00205 334.937417 13.616 12.421 12.047 11.806 11.894 11.537 11.666
-2.00437 334.962044 12.798 12.36 12.274 12.139 12.16 12.002 12.194
-2.0146 335.046427 11.441 10.093 9.557 9.257 9.468 9.198 9.13
-2.063653 335.00682 10.654 9.315 8.804 8.533 8.677 8.451 8.398
-1.984545 335.03187 13.948 12.889 12.474 12.188 12.224 12.064 11.972
-2.046267 334.981353 12.167 10.834 10.404 10.097 10.133 10.029 10.037
-1.988578 335.012598 13.862001 12.973 12.604 12.316 12.396 12.189 12.215
-1.954408 334.988136 12.467 11.155 10.681 10.416 10.517 10.394 10.337
-2.047136 334.996132 14.031 12.759 12.312 11.959 12.107 11.84 11.693
-2.012772 334.999082 12.078 11.168 10.85 10.552 10.706 10.596 10.536
-2.008375 335.060461 14.12 12.923 12.473 12.13 12.187 11.965 11.979999
-2.029781 335.041188 14.364 13.472 13.114 12.909 12.945 12.461 12.44
-2.017336 334.992732 12.116 11.146 10.815 10.593 10.661 10.693 10.582
-1.980528 335.038243 13.299 12.14 11.726 11.421 11.4 11.42 11.421
-1.955206 335.019151 12.848 11.691 11.302 11.099 11.141 10.922 11.002
-2.038892 335.022221 13.538 12.792 12.504 12.327 12.173 11.807 12.262999
-1.995145 335.023402 10.153 9.367 9.043 8.797 8.847 8.841 8.756
-1.976875 334.967829 13.847 12.698 12.26 11.905 11.97 11.68 11.811
-1.977997 335.04393 12.26 11.109 10.71 10.487001 10.594 10.466 10.404
-1.957239 334.965251 15.027 13.729999 13.397 13.026 13.165 12.897 12.496
-1.997028 334.946681 13.871 12.864 12.481 12.238 12.179 11.945 11.991
-1.990728 334.977529 9.94 8.496 7.836 7.491 7.653 7.316 7.247
-1.955128 335.033846 14.58 13.335 12.95 12.56 12.528 12.354 12.353
-1.939283 334.993125 13.332 12.109 11.64 11.319 11.387 11.246 11.256
-2.015125 335.036096 12.56 11.381 10.909 10.567 10.699 10.574 10.491
-2.001758 334.995072 13.491 12.347 11.902 11.628 11.601 11.651 11.555
-2.034078 334.956274 14.384 13.162 12.775 12.539 12.637 12.103 12.257
-2.055889 334.995553 12.764 11.893 11.603 11.389 11.404 11.348 11.307
-2.01082 335.022843 11.989 10.954 10.641 10.416 10.527 10.329 10.341
-2.043892 334.997332 11.127 10.813 10.698 10.598 10.563 10.523 10.492
-1.993008 335.048859 14.191 13.175 12.837 12.594 12.611 12.520001 12.302
-2.033092 334.955342 12.631 12.145001 11.932 11.861 11.782 11.578 11.771
-1.971208 335.01041 13.483 13.156 12.949 12.759 12.635 12.404 12.331
-1.998431 334.97519 14.31 13.212 12.862001 12.535 12.586 12.732 12.136
-1.993697 335.042616 13.997 12.713 12.264 11.986 12.047 11.79 11.92
-2.0176 334.981953 13.126 12.633 12.354999 12.062 12.204 12.104999 11.966
-2.002261 334.945208 11.188 9.948 9.464 9.239 9.349 9.149 9.105
-2.019495 335.02301 12.417 11.147 10.689 10.398 10.49 10.329 10.354
-2.065853 334.987297 9.501 8.442 8.051 7.829 8.007 7.821 7.776
-2.047536 334.977039 9.555 8.198 7.578 7.342 7.526 7.234 7.252
-1.999725 334.989288 14.325 13.122 12.722 12.374 12.446 12.194 12.299
-1.992411 334.953806 12.877 11.737001 11.35 10.984 11.186 11.082 11.139
-1.939683 335.004037 14.241 13.216 12.89 12.69 12.755 12.227 12.488
-2.005514 335.003723 11.564 10.161 9.579 9.167 9.364 9.126 9.073
-2.017106 335.021943 11.859 11.5 11.359 11.264 11.204 11.19 11.116
-2.04847 334.998181 12.886 11.709 11.349 10.99 11.127 11.056 10.923
-2.039817 334.984323 13.438 12.354999 11.979 11.772 11.744 11.617 11.746
-1.98457 335.039461 11.743 10.86 10.511 10.326 10.456 10.327 10.089
-2.026995 334.949816 13.681 12.583 12.137 11.681 11.88 11.891 11.915
-1.998892 335.01988 12.572 11.293 10.902 10.587 10.748 10.648 10.553
-2.03952 334.998866 11.943 11.017 10.685 10.562 10.617 10.492 10.41
-2.013136 334.951083 11.349 10.13 9.68 9.474 9.528 9.408 9.368
-1.977811 335.010471 12.354 11.093 10.556 10.191 10.406 10.221 10.156
-1.97537 334.986189 14.118 13.066 12.716 12.481 12.431 12.398 12.278
-1.994236 335.065736 14.371 13.171 12.769 12.401 12.489 12.139 12.131
-1.995622 334.939323 12.2 11.277 10.928 10.748 10.767 10.656 10.518
-2.006875 335.022676 13.313 12.12 11.711 11.423 11.514 11.229999 11.387999
-1.974406 335.01411 12.270001 10.99 10.501 10.183 10.322 10.119 10.129
-1.973767 334.991506 13.098 12.052 11.679 11.573 11.43 11.341 11.233
-1.975145 335.007703 13.803 12.821 12.423 12.261 12.202 12.067 12.059
-2.041647 335.028542 13.716 13.056 12.816 12.733 12.770001 12.524 12.358
-2.057647 335.000657 10.834 9.956 9.627 9.437 9.489 9.334 9.352
-2.001347 335.028157 13.175 12.222 11.818 11.632 11.69 11.563 11.777
-2.015814 335.030226 10.251 9.157 8.686 8.434 8.599 8.417 8.403
-2.010128 334.978942 11.145001 9.86 9.32 9.012 9.163 8.937 8.893
-2.040175 335.002039 12.279 11.385 11.104 10.956 10.945 10.896 10.793
-1.946814 334.987348 13.655 12.45 12.099 11.721 11.631 11.581 11.817
-2.061908 334.999646 12.991 12.165 11.909 11.684 11.733 11.592 11.526
-1.96687 335.024941 12.113 11.194 10.815 10.66 10.626 10.497 10.514
-2.005725 334.992855 14.398 13.386 12.949 12.804 12.792 12.473 12.477
-1.965625 335.02986 13.444 12.287 11.839 11.5 11.543 11.504 11.502
-2.005217 335.000157 13.533 12.508 12.215 11.879 11.858 11.754 11.708
-2.043203 334.978401 14.246 13.215 12.817 12.542 12.843 12.201 12.16
-2.060139 334.989878 14.164 12.871 12.433 12.107 12.284 11.934 11.899
-2.000445 335.022985 12.925 12.614 12.444 12.194 12.282 12.137 12.457
-1.970117 334.983487 14.378 13.29 12.963 12.748 12.582 12.593 12.373
-2.010136 334.971873 12.841 11.508 10.982 10.67 10.854999 10.561 10.55
-2.055258 335.012685 12.059 10.895001 10.485 10.245 10.445 10.206 10.147
-2.028186 335.013287 11.972 10.723 10.259 9.93 10.135 9.907 9.836
-1.987456 335.01774 14.020001 12.86 12.469 12.127 12.322 12.139 11.978
-2.036736 334.980598 13.682 12.619 12.237001 11.998 12.214 11.924 11.786
-1.99902 335.072117 13.937 12.802 12.279 11.985 12.049 11.868 11.577
-2.020575 334.953044 13.389 12.041 11.526 11.177 11.283 11.109 11.112001
-2.067481 335.006789 13.751 12.491 12.13 11.775 11.864 11.669 11.721
-2.038864 335.014391 12.45 11.17 10.718 10.486 10.542 10.33 10.339
-1.96025 334.999377 13.343 12.739 12.481 12.367 12.192 12.167 12.117
-2.002925 334.935553 13.437 12.262999 11.828 11.604 11.604999 11.38 11.488
-1.995456 334.994601 13.389 12.309 11.887 11.566 11.715 11.599 11.623
-2.030167 335.011142 10.842 9.356 8.682 8.165 8.227 7.946 7.697
-1.987545 335.053781 14.879 13.771 13.369 13.282 13.153 12.424 12.262999
-2.042806 335.017399 13.624 12.647 12.318 12.085 12.03 12.064 11.805
-2.05877 334.988777 13.371 12.299 11.899 11.665 11.71 11.363 11.56
-2.042397 335.009874 10.262 9.328 9.034 8.792 8.991 8.837 8.737
-2.018822 335.020153 12.096 10.804 10.317 9.973 10.173 9.929 9.946
-1.997581 334.992917 12.76 11.962 11.664 11.494 11.472 11.406 11.28
-2.037656 335.026621 12.032 10.72 10.187 9.849 10.121 9.804 9.764
-1.990567 335.035261 13.679 12.762999 12.427 12.26 12.244 11.97 11.991
-2.028858 334.983506 14.829 13.516 13.059 12.743 12.66 12.539 12.309
-2.011275 334.96585 13.113 11.915 11.507 11.173 11.157 11.001 11.015
-2.01732 334.968606 14.267 13.098 12.683 12.335 12.38 12.107 12.103
-1.996661 335.020736 12.481 11.39 11.047 10.764 10.839 10.76 10.735
-2.01292 335.031618 13.166 12.167 11.852 11.552 11.668 11.523 11.451
-2.018306 334.980789 14.169 13.613 13.331 12.887 13.127 12.749 12.334
-1.942608 334.992456 13.883 12.85 12.466 12.233 12.178 12.029 11.957
-1.966903 334.961031 12.283 11.429 11.121 10.851 10.965 10.926 10.833
-1.963111 334.995339 13.95 12.981 12.58 12.244 12.503 12.221 12.331
-2.023764 334.970211 11.557 10.677 10.376 10.181 10.272 10.165 10.112001
-2.027872 334.991659 14.313 13.245 12.84 12.649 12.871 12.433 12.522
-1.976497 335.014126 13.124 12.181 11.785 11.712 11.641 11.528 11.368
-1.992647 334.972006 12.694 11.722 11.378 11.185 11.24 11.027 11.045
-1.99257 335.043441 13.101 12.0 11.584 11.286 11.342 11.353 11.316
-1.995556 334.962773 12.79 11.781 11.423 11.212 11.134 11.064 11.126
-2.000822 335.014557 14.604999 13.714 13.471 13.225 13.146 13.095 12.383
-1.997453 334.953435 13.862001 12.723 12.367 12.114 12.083 11.845 12.037
-1.936106 334.995384 14.479999 13.441 12.976 12.705 12.666 12.581 12.471
-1.974914 334.994519 13.578 12.449 12.126 11.966 11.877 11.925 11.851
-1.992208 334.97361 12.954 12.532 12.449 12.368 12.361 12.296 12.161
-1.974797 334.967989 12.374 11.424 11.068 10.76 10.971 10.851 10.729999
-2.03282 334.957499 11.31 10.020001 9.479 9.146 9.285 9.121 9.094
-2.016267 335.025109 13.073 11.897 11.511 11.227 11.301 11.182 11.208
-2.038986 335.038651 12.091 10.728 10.208 9.996 10.107 9.888 9.811
-2.048517 334.972634 13.854 12.678 12.293 11.936 11.957 12.009 11.88
-1.943489 334.980021 13.869 12.629 12.207 11.862001 11.934 11.799 11.953
-1.991664 334.9752 12.162 10.707 10.071 9.695 9.852 9.587 9.516
-2.015903 335.02393 13.939 12.898 12.545 12.081 12.329 12.424 12.305
-2.036428 334.973368 12.503 11.588 11.245 11.016 10.995 11.079 10.909
-2.041845 335.000771 12.381 11.121 10.627 10.412 10.459 10.373 10.224
-2.023561 335.013118 13.543 12.306 11.85 11.649 11.724 11.433 11.453
-1.977661 335.012903 10.659 9.422 8.902 8.608 8.681 8.523 8.488
-2.007672 334.957509 12.495 11.231 10.797 10.455 10.557 10.347 10.391
-2.063345 335.005361 11.059 10.231 9.962 9.845 9.938 9.795 9.72
-2.036095 334.968629 11.32 10.448 10.103 9.93 10.012999 9.916 9.89
-2.017578 334.961888 13.026 11.88 11.446 11.201 11.239 11.081 10.989
-1.953833 335.010949 14.216 13.111 12.755 12.553 12.408 12.121 12.104
-1.957864 334.969926 12.968 11.927 11.432 10.915 11.283 10.967 11.194
-1.985608 334.984004 14.275 13.104999 12.684 12.277 12.433 12.125 12.011
-2.012331 334.948479 13.406 12.323 11.944 11.724 11.727 11.609 11.732
-2.012058 335.002367 12.795 12.055 11.723 11.452 11.472 11.333 11.398
-1.997208 335.013034 13.034 12.127 11.814 11.642 11.529 11.543 11.381
-2.03105 335.03832 12.74 11.756 11.389 11.038 11.133 11.049 11.056
-2.001242 334.927028 14.303 13.102 12.69 12.311 12.358 12.196 12.222
-1.979653 334.94762 13.181 12.12 11.715 11.397 11.45 11.347 11.445
-1.959025 334.965357 13.575 12.63 12.339 12.128 12.177 11.997 12.019
-1.952461 334.985106 13.751 12.441 12.018 11.712 11.825 11.671 11.715
-1.963906 334.957498 13.872 12.865 12.465 12.167 12.208 11.999 12.001
-2.000339 334.974351 12.535 11.576 11.254 10.973 10.936 10.984 10.879
-2.030631 334.982545 12.761 12.357 12.061 11.994 11.914 11.773 11.943
-1.999636 334.969842 14.004 12.874 12.485 12.174 12.235 12.012999 12.152
-1.999117 334.968127 13.073 12.012 11.656 11.421 11.559 11.352 11.471
-2.057792 334.987734 10.999 9.968 9.634 9.441 9.456 9.379 9.311
-2.018586 334.988116 12.729 11.523 11.112001 10.874 10.881 10.816 10.8
-1.936856 334.988141 13.577 12.551 12.21 11.983 11.913 11.752 11.775
-2.002158 334.978712 14.435 13.271 12.901 12.493 12.537 12.571 12.036
-1.981536 334.959602 12.976 11.774 11.293 10.981 11.131 10.937 10.982
-2.019808 334.965368 13.782 12.909 12.658 12.348 12.341 12.137 12.101
-2.029492 334.967772 13.448 12.383 11.973 11.693 11.6 11.63 11.645001
-1.9827 334.956167 12.982 12.602 12.454 12.296 12.192 12.007 11.957
-1.999181 334.935046 14.122 13.131 12.784 12.512 12.595 12.376 12.256
-1.982695 334.994062 12.478 11.072 10.602 10.271 10.378 10.254 10.212
-2.014536 335.04959 13.852 12.706 12.307 12.084 12.182 11.965 11.911
-2.005028 334.943266 12.992 11.981 11.651 11.394 11.412 11.378 11.270001
-1.990061 335.04731 13.317 12.328 11.87 11.743 11.594 11.54 11.46
-1.94957 335.013612 12.91 11.664 11.224 10.935 11.023 10.813 10.794
-2.030625 334.972642 13.601 12.533 12.187 11.914 11.969 11.789 11.7
-2.07162 334.99932 13.185 12.172 11.756 11.57 11.599 11.354999 11.421
-1.984572 335.030019 13.988 12.966 12.626 12.447 12.384 12.073 12.093
-2.03787 335.004893 13.576 12.324 11.878 11.575 11.643 11.462 11.517
-2.053086 335.021504 13.468 12.229999 11.734 11.455 11.628 11.36 11.334
-1.988786 334.988779 14.625 13.504 13.021 12.743 12.819 12.402 12.521
-2.056447 334.983042 13.852 12.703 12.252 11.918 11.918 11.774 11.829
-2.039758 335.017343 13.871 12.853 12.459 12.167 12.157 12.04 11.894
-1.968486 335.030305 13.054 11.706 11.257 11.031 11.125 10.892 10.877
-2.009164 334.964602 14.492 13.337 12.941 12.611 12.54 12.535 12.766
-2.047467 334.998047 13.744 12.588 12.186 12.015 11.924 11.792 11.963
-1.999778 335.060541 13.26 12.426 12.056 12.031 11.928 11.831 11.575
-2.025186 335.053879 12.005 11.123 10.787 10.647 10.746 10.37 10.501
-1.980367 334.993545 13.616 12.541 12.177 11.899 11.971 12.033 11.977
-1.963856 334.971929 13.972 12.865 12.495 12.318 12.261 12.054 12.312
-2.010375 335.019124 12.175 11.308 10.982 10.83 10.822 10.626 10.722
-1.929686 334.999738 14.136 13.059 12.68 12.367 12.441 12.064 12.396
-1.98545 334.969943 14.542 13.28 12.799 12.579 12.659 12.2 12.364
-2.060711 335.01552 13.264 12.293 11.904 11.682 11.718 11.704 11.481
-2.044364 335.019686 13.201 12.746 12.576 12.365 12.205 12.384 12.341
-1.976083 335.036262 14.142 13.006 12.576 12.289 12.528 12.146 11.943
-2.044614 335.006144 11.672 10.815 10.512 10.345 10.517 10.332 10.237001
-1.959175 335.002286 13.75 12.71 12.270001 11.814 12.084 11.81 11.579
-1.977903 335.037148 15.046 13.995 13.637999 13.419 13.489 12.766 12.348
-2.016953 334.996787 14.056 12.813 12.343 12.137 12.06 11.818 11.759
-2.009272 335.070286 10.38 9.739 9.514 9.484 9.559 9.419 9.317
-1.94547 334.990844 13.968 12.678 12.243 11.988 12.084 11.785 11.898
-1.960445 334.971278 13.891 12.694 12.161 12.033 12.054 11.849 11.614
-1.98557 335.015277 14.104999 13.144 12.793 12.464 12.497 12.26 12.074
-2.005578 335.047214 12.642 11.796 11.488 11.361 11.331 11.133 11.169
-1.98682 334.948241 13.186 12.722 12.428 11.969 11.978 11.977 12.112001
-2.04812 335.016926 12.589 11.752 11.476 11.264 11.226 11.273 11.278
-1.979195 334.943453 13.118 12.666 12.433 12.308 12.187 12.159 12.322
-1.961728 334.978671 14.42 13.812 13.627 13.414 13.409 12.65 12.708
-1.972425 335.004604 13.43 12.251 11.715 11.277 11.202 10.997 11.545
-2.0066 334.934525 14.254 13.273 12.905 12.487001 12.563 12.311 12.268
-2.011158 335.027129 12.84 12.001 11.705 11.479 11.46 11.305 11.249
-1.960578 334.962311 13.266 12.039 11.568 11.229999 11.428 11.131 11.136
-1.931828 334.998857 12.072 11.617 11.432 11.342 11.268 11.179 11.213
-2.033345 334.969818 14.676 13.642 13.317 13.023 13.156 12.674 12.678
-2.019756 335.014338 11.86 11.049 10.734 10.482 10.646 10.456 10.446
-1.978014 335.00638 14.238 13.12 12.768 12.571 12.576 12.249 12.224
-1.986686 335.043252 14.223 13.108 12.548 12.6 12.609 12.412 12.24
-1.982372 334.952273 11.807 11.012999 10.752 10.69 10.555 10.455 10.45
-2.028122 335.046147 14.195 13.113 12.849 12.658 12.672 12.339 12.235
-1.953631 335.009115 13.028 12.493 12.254 12.135 12.1 12.066 12.146
-2.00117 334.940886 11.682 10.769 10.492 10.316 10.415 10.28 10.255
-2.034214 334.976928 11.79 10.319 9.718 9.378 9.465 9.213 9.18
-2.026606 335.004212 12.976 12.111 11.786 11.649 11.598 11.639 11.531
-2.023031 334.973783 13.404 12.313 11.891 11.639 11.684 11.523 11.637999
-2.035353 335.0243 13.131 11.769 11.245 11.021 11.101 10.889 10.887
-1.972258 335.002119 14.236 13.104 12.711 12.384 12.365 12.272 12.206
-2.004186 335.020127 11.287 10.452 10.156 10.004 10.065 9.899 9.869
-1.932561 335.005021 11.411 10.063 9.545 9.203 9.328 9.115 9.134
-1.961314 334.97496 13.597 12.562 12.192 11.979 11.954 11.943 11.877
-1.943314 334.998515 12.673 11.456 10.988 10.744 10.937 10.678 10.629
-2.066242 334.989646 14.104 13.017 12.567 12.343 12.443 12.102 12.127
-2.015878 335.001708 12.992 11.588 11.032 10.668 10.912 10.616 10.655
-1.993267 335.044823 14.511 13.269 12.833 12.44 12.723 12.325 12.244
-2.055417 335.015614 13.317 12.057 11.601 11.346 11.353 11.375 11.267
-1.983739 334.948743 10.451 9.657 9.425 9.309 9.309 9.226 9.137
-2.020347 334.9938 9.961 8.656 8.165 7.879 8.033 7.829 7.797
-2.014775 334.973008 10.478 9.067 8.43 8.051 8.226 7.962 7.888
-2.032617 335.0202 12.477 11.589 11.271 11.046 11.242 11.003 11.053
-2.023686 335.011044 10.925 10.139 9.826 9.615 9.711 9.581 9.603
-2.050683 335.002125 13.548 12.826 12.575 12.417 12.158 12.268 12.312
-2.047056 334.968948 12.812 11.689 11.242 11.020001 11.128 10.95 10.948
-2.004231 334.97481 9.889 8.69 8.272 8.021 8.141 8.007 7.94
-1.995375 335.051227 12.303 11.085 10.602 10.329 10.429 10.311 10.252
-2.059653 335.006158 9.226 8.325 7.995 7.865 7.943 7.815 7.775
-1.987575 334.951854 9.542 8.202 7.592 7.232 7.397 7.163 7.055
-1.977842 335.051143 13.721 12.3 11.795 11.427 11.469 11.317 11.366
-2.04515 334.986289 13.49 12.927 12.766 12.643 12.57 12.575 12.523
-1.968503 335.006711 11.197 10.165 9.782 9.614 9.717 9.548 9.519
-2.017186 335.04613 13.745 12.479999 11.992 11.754 11.811 11.7 11.645001
-2.046708 334.999957 14.403 13.36 13.006 12.724 12.661 12.471 12.948
-2.00432 335.027804 11.848 11.548 11.415 11.349 11.249 11.51 11.219
-1.957375 335.017689 11.736 10.87 10.586 10.435 10.446 10.299 10.352
-2.045233 334.969429 14.536 13.326 12.861 12.571 12.609 12.457 12.494
-2.006308 335.020411 12.35 11.463 11.164 10.987001 10.995 10.93 10.938
-2.020292 334.959537 12.865 11.583 11.066 10.762 10.948 10.715 10.658
-1.999603 334.980232 10.898 9.962 9.656 9.52 9.524 9.41 9.341
-2.011331 334.97398 12.132 10.965 10.498 10.151 10.326 10.134 10.141
-2.052 334.979645 11.418 10.073 9.611 9.349 9.449 9.25 9.224
-2.032903 334.986681 13.303 12.375 12.12 11.886 11.865 11.699 11.798
-2.025892 334.976821 12.551 11.637 11.297 11.062 11.069 11.041 10.917
-2.031361 335.029275 13.547 12.462 12.048 11.714 11.771 11.781 11.724
-2.010533 335.056606 12.346 11.117 10.673 10.402 10.467 10.4 10.292
-1.987764 335.008084 14.539 13.368 12.95 12.743 12.824 12.291 12.376
-2.0188 335.038728 13.449 12.218 11.783 11.551 11.551 11.503 11.457
-1.993892 334.985781 13.104999 11.952 11.499 11.261 11.294 11.146 11.108
-2.027795 335.029867 12.589 11.545 11.229999 11.036 11.055 10.891 10.824
-2.032281 334.99388 11.79 10.96 10.64 10.431 10.376 10.433 10.342
-2.001295 334.951012 13.34 12.342 11.99 11.727 11.93 11.647 11.778
-1.936089 334.989219 13.151 12.595 12.424 12.279 12.179 12.183 11.931
-2.023245 335.040293 14.842 13.639 13.203 12.999 12.885 13.082 12.362001
-1.968295 334.994154 14.194 13.182 12.863 12.597 12.607 12.265 12.317
-1.966503 334.965734 11.874 11.402 11.271 11.123 11.163 11.183 11.208
-2.002833 335.051805 13.503 12.432 12.067 11.773 11.782 11.593 11.51
-1.993611 334.970803 13.268 12.226 11.881 11.613 11.634 11.42 11.56
-1.956003 335.025736 12.332 11.058 10.633 10.397 10.555 10.282 10.286
-2.010622 334.990443 13.012 11.799 11.309 11.031 11.16 11.056 10.909
-1.963003 335.001224 14.196 13.027 12.617 12.359 12.349 12.428 12.107
-1.986542 334.976613 13.595 12.33 11.851 11.520001 11.62 11.491 11.313
-2.021528 334.9889 13.862001 12.724 12.306 12.088 12.028 11.992 11.847
-1.987742 334.944036 14.01 12.631 12.205 11.911 11.847 11.735 11.67
-2.018708 335.035676 14.204 12.923 12.499 12.237001 12.215 11.893 11.812
-1.9685 335.014487 13.994 12.686 12.224 12.026 11.981 11.746 11.723
-1.995578 334.997269 14.348 13.4 13.035 12.721 12.668 12.563 12.727
-1.969747 334.96015 14.229999 13.079 12.58 12.346 12.531 12.267 12.254
-1.943458 334.99446 14.573 13.555 13.202 12.957 13.108 12.566 12.302
-2.004297 334.956746 12.822 11.831 11.473 11.215 11.298 11.1 11.176
-1.998308 334.982464 14.881 13.682 13.262 12.952 12.997 12.312 12.505
-1.949161 335.026347 12.143 11.243 10.933 10.751 10.819 10.707 10.717
-1.937031 335.010863 13.488 12.66 12.344 12.144 12.18 12.009 12.024
-1.996367 335.043425 13.488 12.541 12.223 11.953 11.982 11.779 11.884
-1.969883 335.027278 12.57 11.623 11.304 11.094 11.158 11.022 10.958
-2.024542 335.050786 13.755 12.865 12.592 12.391 12.445 12.209 12.579